iter time primal fd fdmin fdavg, lmo1 lmo2
0.0 0.0 76936.03918335043 0.0 0.0 0.0 0.0 0.0
100.0 0.03658983455 3.4100081550310177 5.260368410071628 0.0 17.05565889994595 10.0 100.0
200.0 0.0792627411 1.2507032317371605 2.467899438368602 0.0 10.517520283334978 20.0 200.0
300.0 0.12498185744999998 0.5359308125542858 1.0976644769497699 0.0 7.675770619602724 30.0 300.0
400.0 0.17460675739999998 0.32128871484716 0.6459484712762933 0.0 6.090647729026575 40.0 400.0
500.0 0.22654984169999998 0.19830966479966938 0.6155780447595807 0.0 5.023195829995171 50.0 500.0
600.0 0.2800062103 0.14051994271644927 0.3107370842832452 0.0 4.289992000489082 60.0 600.0
700.0 0.33717215609999995 0.11528762677877569 0.26230518148505355 0.0 3.76100261054701 70.0 700.0
800.0 0.39561868865000005 0.09810563131843333 0.2332096354632799 0.0 3.3381722449326454 80.0 800.0
900.0 0.4535180625 0.08555859473215563 0.20349840005450903 0.0 3.0163498698759343 90.0 900.0
1000.0 0.5136026085 0.07617125845509501 1.016372879502669 0.0 2.748617673810057 100.0 1000.0
1100.0 0.5744006057 0.06732343615206313 0.1641763070712585 0.0 2.527499524785447 110.0 1100.0
1200.0 0.6351746965000001 0.060573905849300544 0.15913736764916162 0.0 2.3466599934443786 120.0 1200.0
1300.0 0.6973443519 0.05373612702224366 0.13281446478751568 0.0 2.185573801578869 130.0 1300.0
1400.0 0.7604290433500001 0.04856189847141061 0.1218767365334213 0.0 2.0493849585363244 140.0 1400.0
1500.0 0.82452147145 0.045362132387244763 0.11544183446036504 0.0 1.925635606138892 150.0 1500.0
1600.0 0.8898634828 0.04104392234495924 0.10286591470805254 0.0 1.8180380386927633 160.0 1600.0
1700.0 0.9558415827500001 0.03855953494772379 0.5671531361842744 0.0 1.7252988289986284 170.0 1700.0
1800.0 1.0222879000999998 0.03536291642894106 0.08851478661552523 0.0 1.638248564884378 180.0 1800.0
1900.0 1.0908627101000001 0.033403080412412786 0.49967000606578604 0.0 1.5630434988124016 190.0 1900.0
2000.0 1.1591177705 0.03144687409685935 0.07939451494736734 0.0 1.4913218599269717 200.0 2000.0
2100.0 1.2279136680499998 0.029746223852562103 0.3775006811385362 0.0 1.4258733386639793 210.0 2100.0
2200.0 1.2971273196500002 0.028469031360249825 0.13198272253971327 0.0 1.3656744895704587 220.0 2200.0
2300.0 1.3673791153500003 0.02682814204676246 0.4761671033078264 0.0 1.312799373043009 230.0 2300.0
2400.0 1.4386378862000002 0.025276490584255164 0.13895689152452861 0.0 1.262602747827283 240.0 2400.0
2500.0 1.51042437535 0.024065271477869896 0.05998606536078623 0.0 1.2183757096345977 250.0 2500.0
2600.0 1.5835397082 0.02316223662777288 0.058381139723723795 0.0 1.176123434117564 260.0 2600.0
2700.0 1.6569444148000003 0.022011449626686642 0.14918822109188734 0.0 1.139648658759931 270.0 2700.0
2800.0 1.7313460175000004 0.021261771782696004 0.3407833573696971 0.0 1.1030789649880974 280.0 2800.0
2900.0 1.8070958363999998 0.020441794754367953 0.1082383335458051 0.0 1.0686308238469637 290.0 2900.0
3000.0 1.88205966975 0.019985102037224114 0.0493079123414307 0.0 1.035665878462671 300.0 3000.0
3100.0 1.95732138545 0.01900358722665214 0.06472862900676027 0.0 1.0069844405443762 310.0 3100.0
3200.0 2.03525395985 0.018495878605947876 0.044611931361234064 0.0 0.9786000237154978 320.0 3200.0
3300.0 2.11408425755 0.017901852803819666 0.060240007178784825 0.0 0.9508601447180973 330.0 3300.0
3400.0 2.1924787958500005 0.017390322960152423 0.04359462269892467 0.0 0.9255620068047689 340.0 3400.0
3500.0 2.2726834427000004 0.016855740975491362 0.040316161766464124 0.0 0.9034977300218254 350.0 3500.0
3600.0 2.3525819589499997 0.01649336996255786 0.039609497589673706 0.0 0.8799928000449493 360.0 3600.0
3700.0 2.4326486868999995 0.01612244102873695 0.039144927614671934 0.0 0.8582722389490245 370.0 3700.0
3800.0 2.5135418449499998 0.015674731611923665 0.038301451443618836 0.0 0.8382494870341246 380.0 3800.0
3900.0 2.596103962449999 0.01514342209370247 0.5848151729126269 0.0 0.8201995285820584 390.0 3900.0
4000.0 2.6794648495999995 0.014788604845300538 0.03449962397611846 0.0 0.802749787768995 400.0 4000.0
4100.0 2.7647147174499995 0.014567922398671251 0.03417506250088413 0.0 0.7845596377386337 410.0 4100.0
4200.0 2.8470831794500002 0.01425559212494577 0.03350753490369729 0.0 0.7678852602993242 420.0 4200.0
4300.0 2.9308984279 0.0139709807012795 0.0325570993955699 0.0 0.7511514102897517 430.0 4300.0
4400.0 3.0164531450499994 0.013708734566556673 0.08232154642789873 0.0 0.7356595632990862 440.0 4400.0
4500.0 3.1028618847000002 0.01336498782550083 0.030789416770222695 0.0 0.7208968892289545 450.0 4500.0
4600.0 3.1887687689 0.013003806354640771 0.029956958961213326 0.0 0.7078766499669485 460.0 4600.0
4700.0 3.2795227902 0.01274386140645153 0.08119669047205205 0.0 0.6941586921016615 470.0 4700.0
4800.0 3.3700687796999995 0.012535669611310455 0.029090445975033873 0.0 0.6808938345871048 480.0 4800.0
4900.0 3.45616243415 0.012275518542070197 0.2773822790403807 0.0 0.6683226864899574 490.0 4900.0
5000.0 3.5454679975999994 0.012025454582318018 0.08758025687049578 0.0 0.65640149107887 500.0 5000.0
5100.0 3.63837859605 0.011779375503837852 0.16927271163874247 0.0 0.6451692299833336 510.0 5100.0
5200.0 3.7317397265000003 0.01153162646978682 0.025807096307294802 0.0 0.6339514853380718 520.0 5200.0
5300.0 3.8245151010000003 0.011385713949972471 0.07491489197683951 0.0 0.6229398086260055 530.0 5300.0
5400.0 3.916818285699999 0.011182991695627023 0.03186581468527535 0.0 0.6122842887189411 540.0 5400.0
5500.0 4.008145550250001 0.010984039757617099 0.029290616772052313 0.0 0.6017823708206868 550.0 5500.0
5600.0 4.10036499495 0.010863380582561604 0.024223769958019562 0.0 0.5919834447410174 560.0 5600.0
5700.0 4.191674643000001 0.010731740776138931 0.025474787114525315 0.0 0.5822150269074642 570.0 5700.0
5800.0 4.283804555800001 0.010565838815820136 0.024338472100815522 0.0 0.5732366442509966 580.0 5800.0
5900.0 4.376538995650001 0.010399938619100471 0.023326287220630286 0.0 0.5651484462181627 590.0 5900.0
6000.0 4.47019552605 0.010226015377694232 0.022965933632936072 0.0 0.5570102175906395 600.0 6000.0
6100.0 4.5645247268 0.010105988774303756 0.09767771387407889 0.0 0.548492056795271 610.0 6100.0
6200.0 4.6566190938 0.009931100364455419 0.036709816746275006 0.0 0.5406685142048049 620.0 6200.0
6300.0 4.75296827245 0.00979887615055432 0.02171633041943918 0.0 0.5328473899030677 630.0 6300.0
6400.0 4.84959929245 0.009701385397349738 0.02273445040938188 0.0 0.5252159837593823 640.0 6400.0
6500.0 4.9422844669499995 0.009552436246004724 0.021636416773694628 0.0 0.51801210868835 650.0 6500.0
6600.0 5.03638312585 0.009403519745664307 0.05120767594120781 0.0 0.5108901789720706 660.0 6600.0
6700.0 5.133367214049999 0.009247055074113927 0.03550987217394964 0.0 0.5038542688206978 670.0 6700.0
6800.0 5.229599179750001 0.009150583466336674 0.037014996589238576 0.0 0.4969646015010397 680.0 6800.0
6900.0 5.3277717676 0.009068554560154608 0.020106871878480655 0.0 0.49026119124885703 690.0 6900.0
7000.0 5.422494251149999 0.008907832349792597 0.2126231044301982 0.0 0.4841057405348551 700.0 7000.0
7100.0 5.522950627650001 0.008822781037779958 0.019334500987134618 0.0 0.4778258141415477 710.0 7100.0
7200.0 5.622665654950001 0.008680520416343353 0.06393232236934383 0.0 0.47198051410803543 720.0 7200.0
7300.0 5.719968007399999 0.008599070167242482 0.01870923665807441 0.0 0.4661412201817839 730.0 7300.0
7400.0 5.818586193850001 0.008489609399560491 0.018883403045273625 0.0 0.46058960288822476 740.0 7400.0
7500.0 5.9185909396 0.008407941394413521 0.01936403446422691 0.0 0.4549606293926974 750.0 7500.0
7600.0 6.0147115410500005 0.008296203833166883 0.018323039100393075 0.0 0.4497447873974439 760.0 7600.0
7700.0 6.111720186999999 0.008234148099441356 0.01815010342803819 0.0 0.444194762649514 770.0 7700.0
7800.0 6.2096118534 0.008185185514751425 0.018168802557093574 0.0 0.4387400525928061 780.0 7800.0
7900.0 6.303392057649999 0.008027381805672251 0.017203612900664432 0.0 0.4344630402339813 790.0 7900.0
8000.0 6.40709565435 0.007949730174982664 0.1719631030578394 0.0 0.4295046177617407 800.0 8000.0
8100.0 6.5036724757 0.00789469074986888 0.017350680633708256 0.0 0.42455527298456064 810.0 8100.0
8200.0 6.59837441755 0.007825401646945281 0.01712762389236016 0.0 0.41965057056306043 820.0 8200.0
8300.0 6.69620082255 0.007732389686492311 0.0168490873482404 0.0 0.4150238236910202 830.0 8300.0
8400.0 6.797364809049999 0.0076123923102181645 0.18522285972202474 0.0 0.410781084680853 840.0 8400.0
8500.0 6.89902269075 0.007509094719562572 0.06875612706098459 0.0 0.40673350570445166 850.0 8500.0
8600.0 6.997279722650001 0.007444485189162843 0.11210082228350512 0.0 0.4025482318084339 860.0 8600.0
8700.0 7.1003930647499995 0.007368205896954097 0.015994920605448135 0.0 0.39842111269549474 870.0 8700.0
8800.0 7.198401090300001 0.0073121653226151315 0.016231988509399 0.0 0.3942837477292827 880.0 8800.0
8900.0 7.2958267048 0.0072624627466527395 0.015760718036723326 0.0 0.3900813089357299 890.0 8900.0
9000.0 7.395959324650001 0.007189202332876081 0.01552968257884899 0.0 0.386197755251192 900.0 9000.0
9100.0 7.49340511915 0.007122592640759045 0.015387033711669476 0.0 0.3822146403385227 910.0 9100.0
9200.0 7.595130812250001 0.007062033648327193 0.015345462959350284 0.0 0.3782562893848883 920.0 9200.0
9300.0 7.693175375250002 0.006981035276389103 0.10031696128592862 0.0 0.3748963704314511 930.0 9300.0
9400.0 7.792274978 0.006914218118142383 0.014904306361977815 0.0 0.37134308147139233 940.0 9400.0
9500.0 7.893065180549999 0.0068702808388250505 0.014859016472213576 0.0 0.36760642883549227 950.0 9500.0
9600.0 7.9938930421 0.006813636719560499 0.014756021821528931 0.0 0.36403177772249173 960.0 9600.0
9700.0 8.090839174 0.0067687197853035785 0.014766860457837875 0.0 0.36044869765188586 970.0 9700.0
9800.0 8.1900784072 0.00671263281157961 0.014611396233240157 0.0 0.35717531373680866 980.0 9800.0
9900.0 8.289597355349999 0.0066355497230181065 0.020881234313189594 0.0 0.3540743837995114 990.0 9900.0
10000.0 8.39175565435 0.006568487527222368 0.015041426728312244 0.0 0.3508488796269828 1000.0 10000.0
