iter time primal fd fdmin fdavg, lmo1 lmo2
0.0 0.0 76936.03918335043 0.0 0.0 0.0 0.0 0.0
100.0 0.21588165629999997 5.675661905191309 7.743727324651296 0.0 1681.5816461948937 100.0 100.0
200.0 0.4207525491000001 1.7009869592203344 2.7646205822659846 0.0 847.3006629307641 200.0 200.0
300.0 0.7077907641 0.7136891162161454 1.3509216896533407 0.0 566.4591926267753 300.0 300.0
400.0 1.0444417649 0.4052502600908657 0.8560620953038315 0.0 425.4646306345552 400.0 400.0
500.0 1.4123426316 0.26773653223379823 0.6150025800359857 0.0 340.68578636967044 500.0 500.0
600.0 1.8138129058999997 0.19326343982106237 0.9202727718846676 0.0 284.0898007391643 600.0 600.0
700.0 2.25031371855 0.1492326172812233 0.38053422079397287 0.0 243.6244746438986 700.0 700.0
800.0 2.706500178 0.11894763264975235 0.31439990087519054 0.0 213.25259335209242 800.0 800.0
900.0 3.1807986556500003 0.09672956892500913 0.29363061154371467 0.0 189.61691998103666 900.0 900.0
1000.0 3.6835235883500004 0.08192368503768313 0.22355765822882448 0.0 170.69829526488562 1000.0 1000.0
1100.0 4.2049070899 0.07096851917517202 0.19481074388298375 0.0 155.21330080900552 1100.0 1100.0
1200.0 4.741151399399999 0.0626255643965964 0.1713115454864741 0.0 142.30482173676282 1200.0 1200.0
1300.0 5.2981118251 0.05625025368479205 0.15280683754975474 0.0 131.3791399720337 1300.0 1300.0
1400.0 5.879897055949998 0.05126485781707504 0.13781140148537813 0.0 122.01196942259986 1400.0 1400.0
1500.0 6.4866287552 0.0472514815044457 0.12551677787402846 0.0 113.89201840044214 1500.0 1500.0
1600.0 7.108524483800001 0.043976804389982305 0.11525117634985045 0.0 106.78572439906905 1600.0 1600.0
1700.0 7.748553020049999 0.04126141248913641 0.10654608713380746 0.0 100.51440838245671 1700.0 1700.0
1800.0 8.403296316799999 0.03893594660315094 0.09890599865719713 0.0 94.93907087554496 1800.0 1800.0
1900.0 9.084767775349999 0.03697557272290268 0.0923882338707058 0.0 89.94993011761721 1900.0 1900.0
2000.0 9.781348371200002 0.035285515567869394 0.08684746435286614 0.0 85.45915462288217 2000.0 2000.0
2100.0 10.50259190235 0.03381035729125792 0.08191951541785678 0.0 81.39561987455022 2100.0 2100.0
2200.0 11.239407483749998 0.03251008151710826 0.07763095506708134 0.0 77.70112041528927 2200.0 2200.0
2300.0 11.994244311900001 0.031357011608816585 0.07376313931924891 0.0 74.32756666498503 2300.0 2300.0
2400.0 12.764957986699999 0.03033253669931288 0.07047398687373727 0.0 71.23487686237549 2400.0 2400.0
2500.0 13.544011466650002 0.02939670267092039 0.06743079304161001 0.0 68.38937601472806 2500.0 2500.0
2600.0 14.341789057349999 0.028554843281521157 0.0647262420022903 0.0 65.7625664033666 2600.0 2600.0
2700.0 15.158858566049997 0.027787706913788273 0.06235685172105232 0.0 63.33016910932595 2700.0 2700.0
2800.0 15.98775683865 0.02708538803981201 0.06023031716026608 0.0 61.071372671012696 2800.0 2800.0
2900.0 16.828860470749998 0.0264325010043235 0.05826733081301925 0.0 58.968230565888206 2900.0 2900.0
3000.0 17.689009800650002 0.02582756818145812 0.056528763934520124 0.0 57.00518952572256 3000.0 3000.0
3100.0 18.560611432800002 0.025263136128098013 0.05488991237475882 0.0 55.16870143819467 3100.0 3100.0
3200.0 19.438460523899995 0.024733243818022558 0.05339707356185387 0.0 53.44690989797301 3200.0 3200.0
3300.0 20.3215711514 0.024234383113014426 0.0520610091397888 0.0 51.82939457114336 3300.0 3300.0
3400.0 21.21768907015 0.023761274387348163 0.05078574583660197 0.0 50.30695992215923 3400.0 3400.0
3500.0 22.115631972449997 0.023313236117637803 0.049551489591326915 0.0 48.8714608198735 3500.0 3500.0
3600.0 23.026767497400005 0.02289059871274787 0.04841374763310355 0.0 47.51565704911193 3600.0 3600.0
3700.0 23.9328423056 0.022483560517011152 0.04735585569562458 0.0 46.23309086229124 3700.0 3700.0
3800.0 24.845593704000002 0.022096203400739776 0.04640444108458237 0.0 45.01798271540984 3800.0 3800.0
3900.0 25.77799658575001 0.02172949568484575 0.04539455011666102 0.0 43.86514700136744 3900.0 3900.0
4000.0 26.699871231500005 0.021376855206625363 0.04452969173675516 0.0 42.769916208915035 4000.0 4000.0
4100.0 27.630509894650004 0.021038951233005646 0.043708774054039695 0.0 41.72807750232539 4100.0 4100.0
4200.0 28.565471705949996 0.02071472407370532 0.04294227538685865 0.0 40.7358191226952 4200.0 4200.0
4300.0 29.5011226051 0.020402986748465027 0.04215953560667314 0.0 39.78968377356386 4300.0 4300.0
4400.0 30.436647751700008 0.020102846573850686 0.04152347257929661 0.0 38.88652839309584 4400.0 4400.0
4500.0 31.374828706799995 0.019811731820151796 0.040786498552076736 0.0 38.02348912426135 4500.0 4500.0
4600.0 32.31558057585 0.019530953716966514 0.040157885849041605 0.0 37.1979506927323 4600.0 4600.0
4700.0 33.2620440203 0.019259472872538395 0.03951743068691212 0.0 36.40752048779013 4700.0 4700.0
4800.0 34.2043523402 0.01899618910441568 0.038909051999743066 0.0 35.65000536594735 4800.0 4800.0
4900.0 35.1542290607 0.018742066269199158 0.03835285657463723 0.0 34.923390353700825 4900.0 4900.0
5000.0 36.11004315755 0.018495833895279683 0.03778627908760042 0.0 34.225823268411744 5000.0 5000.0
5100.0 37.06432053094999 0.01825610753863432 0.03725766402143887 0.0 33.55559555735948 5100.0 5100.0
5200.0 38.0224721762 0.01802306442587937 0.036704951591010115 0.0 32.911130371271874 5200.0 5200.0
5300.0 38.9856289782 0.01779626386835014 0.036199208645857475 0.0 32.290970544485226 5300.0 5300.0
5400.0 39.94678561035 0.017576698045623482 0.03569888464889974 0.0 31.693765879320164 5400.0 5400.0
5500.0 40.9159486763 0.017363409501630952 0.0352132021967044 0.0 31.118265326402433 5500.0 5500.0
5600.0 41.87876372255 0.017156090445391667 0.03478214745741176 0.0 30.563306344683998 5600.0 5600.0
5700.0 42.843812947450004 0.01695444060808834 0.034338564166944925 0.0 30.027808577957483 5700.0 5700.0
5800.0 43.814469277149996 0.016757467553490314 0.03392320582772126 0.0 29.51076583161002 5800.0 5800.0
5900.0 44.78461371125 0.016565471105491926 0.03351906099695375 0.0 29.011239756155963 5900.0 5900.0
6000.0 45.75458040354999 0.016377981836317362 0.03310917658515337 0.0 28.528355053323846 6000.0 6000.0
6100.0 46.7320244456 0.01619620653297315 0.03275367169488894 0.0 28.061293777380172 6100.0 6100.0
6200.0 47.69953236549999 0.016016081861741742 0.032357191764959395 0.0 27.609290298646474 6200.0 6200.0
6300.0 48.670125650349995 0.015841795277962797 0.03198279528451921 0.0 27.171627354170116 6300.0 6300.0
6400.0 49.6484564126 0.01567140242911394 0.031602657676004633 0.0 26.74763361063605 6400.0 6400.0
6500.0 50.62729842649999 0.015505359215552485 0.031261789539740605 0.0 26.336678313116607 6500.0 6500.0
6600.0 51.60304135700001 0.01534269648799758 0.03090717394598617 0.0 25.938169021001585 6600.0 6600.0
6700.0 52.58066500205 0.01518383381340625 0.030552706207950104 0.0 25.55154857948621 6700.0 6700.0
6800.0 53.56408193070001 0.015028740084333636 0.030257245334896238 0.0 25.17629280385558 6800.0 6800.0
6900.0 54.55346353349999 0.014876696410236917 0.029930167308177553 0.0 24.81190775845207 6900.0 6900.0
7000.0 55.54879186515001 0.014729328972362963 0.029631753189222572 0.0 24.457927814431358 7000.0 7000.0
7100.0 56.538338574 0.014583818929630116 0.0293355563818632 0.0 24.113913510032738 7100.0 7100.0
7200.0 57.525938060700014 0.014441091428931857 0.02906029934843583 0.0 23.779449747779893 7200.0 7200.0
7300.0 58.52303555259999 0.014300888053650568 0.0287549527474787 0.0 23.45414401906331 7300.0 7300.0
7400.0 59.516734078800006 0.0141635273243404 0.028442097985129238 0.0 23.13762519633825 7400.0 7400.0
7500.0 60.51709644325001 0.014030427707567208 0.028163073122109757 0.0 22.829542082567002 7500.0 7500.0
7600.0 61.50759994865 0.013898517724605208 0.027895796841914344 0.0 22.529561849173188 7600.0 7600.0
7700.0 62.502323990800015 0.013768504390294381 0.027620573047997983 0.0 22.23736861850579 7700.0 7700.0
7800.0 63.49802624239999 0.013642237419545922 0.027355344233501805 0.0 21.952663149841772 7800.0 7800.0
7900.0 64.50037491384998 0.01351875489557947 0.027130838653381794 0.0 21.67516123369802 7900.0 7900.0
8000.0 65.49570499190001 0.013396842590756745 0.02685285761035135 0.0 21.404592880608707 8000.0 8000.0
8100.0 66.4934612334 0.013277687875178792 0.026622263953964366 0.0 21.140701267861598 8100.0 8100.0
8200.0 67.4920181096 0.013160957684582562 0.026394108083742356 0.0 20.883242437587185 8200.0 8200.0
8300.0 68.48573445859999 0.013045367218023579 0.026133401743147565 0.0 20.631983870520767 8300.0 8300.0
8400.0 69.48708694295 0.012932097870337925 0.025925080333469398 0.0 20.386704046020903 8400.0 8400.0
8500.0 70.481785492 0.012820609085019957 0.02567152175126931 0.0 20.147192141851388 8500.0 8500.0
8600.0 71.47886031704999 0.012711809267426311 0.02546723154669926 0.0 19.91324701206716 8600.0 8600.0
8700.0 72.47423169165 0.01260433499836774 0.025239940644364255 0.0 19.684676832946735 8700.0 8700.0
8800.0 73.4737141537 0.01249923909393914 0.0250218929968673 0.0 19.461298335084344 8800.0 8800.0
8900.0 74.47616710839999 0.012395494340531067 0.024818747940100083 0.0 19.242936659600968 8900.0 8900.0
9000.0 75.481759497 0.012294033128981696 0.024607462024212788 0.0 19.029424600369374 9000.0 9000.0
9100.0 76.47820256305 0.012193770357919277 0.024406010027815013 0.0 18.820602422314504 9100.0 9100.0
9200.0 77.48032823435003 0.012095263108435837 0.024218576893193625 0.0 18.616317118835614 9200.0 9200.0
9300.0 78.47653381955001 0.011997793236543063 0.02400689608384695 0.0 18.416422332892505 9300.0 9300.0
9400.0 79.47895224055002 0.011903324247505795 0.02382552826870503 0.0 18.22077811802959 9400.0 9400.0
9500.0 80.48671059955 0.011809086040843932 0.023629933740136423 0.0 18.029250335030873 9500.0 9500.0
9600.0 81.49022930344998 0.011717448991827598 0.02345220710923049 0.0 17.841710332325277 9600.0 9600.0
9700.0 82.50372140205002 0.011627102167166623 0.023286467075031497 0.0 17.65803495511738 9700.0 9700.0
9800.0 83.51166823440002 0.011537631335383984 0.023097122914485523 0.0 17.47810591579356 9800.0 9800.0
9900.0 84.51861384565 0.011449381073168698 0.02291600647558304 0.0 17.301809568365083 9900.0 9900.0
10000.0 85.52693283035 0.01136305935250356 0.022757291676214386 0.0 17.12903711007853 10000.0 10000.0
