iter time primal d dmin davg lmo1 lmo2
0.0 0.0 -2672.9616465598056 2.5200547219435154e6 2.5200547219435154e6 2.5200547219435154e6 0.0 0.0
100.0 0.77019412175 -119165.89132930702 2.179234821137243e6 2.179234821137243e6 2.343726952006413e6 2690.0 5.0
200.0 1.5180027621499999 -217088.55241667782 1.9017525428578674e6 1.9017525428578674e6 2.191375407977723e6 5380.0 10.0
300.0 2.2777745598 -302310.72544531367 1.6725220692518763e6 1.6725220692518763e6 2.0567900999709994e6 8070.0 15.0
400.0 3.0499532222499997 -377622.68461326166 1.4832706882643863e6 1.4832706882643863e6 1.9375704057989414e6 10760.0 20.0
500.0 3.83893457415 -445183.2692175972 1.3271022838531914e6 1.3271022838531914e6 1.8317278700771532e6 13450.0 25.0
600.0 4.5953586313 -506890.0361248932 1.197990416044623e6 1.197990416044623e6 1.737524526744432e6 16140.0 30.0
700.0 5.3544647814 -564012.8883794117 1.0913554139957954e6 1.0913554139957954e6 1.6534801817116267e6 18830.0 35.0
800.0 6.108064868250001 -617864.3951145431 1.0030099529835597e6 1.0030099529835597e6 1.5783038566886876e6 21520.0 40.0
900.0 6.8787061734 -669433.2226726766 929583.769311339 929583.769311339 1.5108668179498955e6 24210.0 45.0
1000.0 7.635193720349998 -719598.659900747 868232.3236469969 868232.3236469969 1.4501821404273182e6 26900.0 50.0
1100.0 8.388235340700001 -769036.6847759841 816632.7571405838 816632.7571405838 1.3953975383947708e6 29590.0 55.0
1200.0 9.137252102100001 -818328.9797651886 772717.4898636683 772717.4898636683 1.3457535670239364e6 32280.0 60.0
1300.0 9.890369761600002 -868039.089607213 734774.6449460743 734774.6449460743 1.300586108621668e6 34970.0 65.0
1400.0 10.64074203535 -918648.9497316722 701239.1644087973 701239.1644087973 1.2593015783198727e6 37660.0 70.0
1500.0 11.3917861029 -970510.0885943631 670864.4669601292 670864.4669601292 1.2213741968074988e6 40350.0 75.0
1600.0 12.140183453849998 -1.0237757218080284e6 642534.2532869449 642534.2532869449 1.186336222913381e6 43040.0 80.0
1700.0 12.8914435452 -1.0785743431898146e6 615265.9984270433 615265.9984270433 1.1537653041232987e6 45730.0 85.0
1800.0 13.641889168149998 -1.134909014213991e6 588243.8174519581 588243.8174519581 1.1232872809145476e6 48420.0 90.0
1900.0 14.39343087845 -1.1926872338064096e6 560785.5645965205 560785.5645965205 1.0945653253106428e6 51110.0 95.0
2000.0 15.14501556675 -1.251480071508485e6 532501.3824913311 532501.3824913311 1.0673045312751771e6 53800.0 100.0
2100.0 15.9175081122 -1.3107785192471487e6 503208.91734315304 503208.91734315304 1.041252351953212e6 56490.0 105.0
2200.0 16.6827532067 -1.3699328070995433e6 472986.5325316419 472986.5325316419 1.0162022490795999e6 59180.0 110.0
2300.0 17.44905939925 -1.4281427393188283e6 442170.8571378216 442170.8571378216 991992.7891100183 61870.0 115.0
2400.0 18.197229223499995 -1.4848177159365471e6 411016.7497868163 411016.7497868163 968500.4352826987 64560.0 120.0
2500.0 18.946803564999996 -1.539181971606324e6 380062.9725341202 380062.9725341202 945639.8186451931 67250.0 125.0
2600.0 19.697226719200003 -1.5906539349518649e6 349790.34026852984 349790.34026852984 923356.712362751 69940.0 130.0
2700.0 20.4464052776 -1.6386721749886528e6 320764.8132467725 320764.8132467725 901625.3947144675 72630.0 135.0
2800.0 21.195256155000003 -1.683021927910569e6 293303.1396149024 293303.1396149024 880438.2915435496 75320.0 140.0
2900.0 21.943291237500002 -1.7235508956273212e6 267728.46978607087 267728.46978607087 859799.8967181522 78010.0 145.0
3000.0 22.6929165805 -1.7602524552528493e6 244199.07635284308 244199.07635284308 839721.9135338143 80700.0 150.0
3100.0 23.4408491336 -1.7932838252225681e6 222773.46496531763 222773.46496531763 820216.975732213 83390.0 155.0
3200.0 24.1953227137 -1.8229014865334793e6 203395.98103651393 203395.98103651393 801296.7576619611 86080.0 160.0
3300.0 24.98153571605 -1.8493878089936278e6 185977.81499507563 185977.81499507563 782968.3848449966 88770.0 165.0
3400.0 25.7455259058 -1.8730005036723267e6 170404.26750429446 170404.26750429446 765235.242494689 91460.0 170.0
3500.0 26.4927536075 -1.8939937628704547e6 156558.6258013164 156558.6258013164 748097.1961249238 94150.0 175.0
3600.0 27.24706250875 -1.9126870052097924e6 144254.22981841938 144254.22981841938 731549.307092319 96840.0 180.0
3700.0 28.015005427149998 -1.929364257405699e6 133308.81390896102 133308.81390896102 715582.4904792316 99530.0 185.0
3800.0 28.76534016125 -1.944291093328033e6 123560.06556966873 123560.06556966873 700184.3664697178 102220.0 190.0
3900.0 29.514505843749998 -1.9576717643030598e6 114865.10845108365 114865.10845108365 685339.5151850879 104910.0 195.0
4000.0 30.288748841750003 -1.969679795044797e6 107116.91030973205 107116.91030973205 671031.1551937466 107600.0 200.0
4100.0 31.033562227100003 -1.9805052916607137e6 100183.1884102543 100183.1884102543 657241.5139662875 110290.0 205.0
4200.0 31.784757269650004 -1.990288581378075e6 93970.68515864483 93970.68515864483 643951.5357564024 112980.0 210.0
4300.0 32.53779313169999 -1.9991879333851766e6 88372.03192645518 88372.03192645518 631141.6551163823 115670.0 215.0
4400.0 33.285729058799994 -2.0072770041298412e6 83337.22321798434 83337.22321798434 618792.4957602983 118360.0 220.0
4500.0 34.0345731341 -2.014644352464877e6 78807.85385300756 78807.85385300756 606885.2079162786 121050.0 225.0
4600.0 34.78319179339999 -2.0213911702084106e6 74712.57959314804 74712.57959314804 595401.0222934835 123740.0 230.0
4700.0 35.53379557910001 -2.0275880059700913e6 70999.56491292699 70999.56491292699 584321.717149998 126430.0 235.0
4800.0 36.287693087250005 -2.0333139503622155e6 67610.30882288105 67610.30882288105 573629.1866357222 129120.0 240.0
4900.0 37.05440283275 -2.0386174996446432e6 64510.47012102889 64510.47012102889 563306.0166442425 131810.0 245.0
5000.0 37.8027788132 -2.0435375119923179e6 61670.89471354545 61670.89471354545 553335.5500456576 134500.0 250.0
5100.0 38.55297787880001 -2.0481374195423592e6 59044.8859281435 59044.8859281435 543701.661035794 137190.0 255.0
5200.0 39.3021792391 -2.0524362370458865e6 56617.505455807506 56617.505455807506 534388.8439513044 139880.0 260.0
5300.0 40.0516120025 -2.0564495842358817e6 54379.68864240045 54379.68864240045 525382.6902082745 142570.0 265.0
5400.0 40.807484859649996 -2.0602086590801335e6 52310.99374016153 52310.99374016153 516669.4526145124 145260.0 270.0
5500.0 41.57038367535001 -2.0637541976776856e6 50383.88327186904 50383.88327186904 508236.02631371317 147950.0 275.0
5600.0 42.3377935515 -2.0671123082961428e6 48577.417451227295 48577.417451227295 500069.7294241383 150640.0 280.0
5700.0 43.08770104825 -2.070280876264949e6 46893.761213251964 46893.761213251964 492158.7162772003 153330.0 285.0
5800.0 43.837413659199996 -2.0732776957008787e6 45318.5189391155 45318.5189391155 484491.7203059392 156020.0 290.0
5900.0 44.588008858 -2.0761143677610352e6 43846.02125045254 43846.02125045254 477058.2004549758 158710.0 295.0
6000.0 45.354926963050005 -2.0788002748982697e6 42470.81498297605 42470.81498297605 469848.1472123496 161400.0 300.0
6100.0 46.1026352226 -2.0813581659470473e6 41176.72032535328 41176.72032535328 462852.07827637746 164090.0 305.0
6200.0 46.870090481800005 -2.0837948827198823e6 39959.071708702846 39959.071708702846 456060.90022201056 166780.0 310.0
6300.0 47.6162327783 -2.0861141453636654e6 38813.68144453756 38813.68144453756 449466.0555224925 169470.0 315.0
6400.0 48.37191577250002 -2.0883312963895209e6 37730.96216199295 37730.96216199295 443059.3951431734 172160.0 320.0
6500.0 49.13898295495 -2.0904511896627948e6 36706.159769367274 36706.159769367274 436833.207067671 174850.0 325.0
6600.0 49.8894776976 -2.092485741859746e6 35730.28331440598 35730.28331440598 430780.0941827684 177540.0 330.0
6700.0 50.6360581499 -2.0944410754596307e6 34798.96127980208 34798.96127980208 424893.0076026088 180230.0 335.0
6800.0 51.38970003905 -2.0963198009350325e6 33914.51855363798 33914.51855363798 419165.30351117137 182920.0 340.0
6900.0 52.15383482379999 -2.0981150429116143e6 33082.30243035538 33082.30243035538 413590.83558765973 185610.0 345.0
7000.0 52.90652367375001 -2.099846348475001e6 32289.142039768845 32289.142039768845 408163.6605955666 188300.0 350.0
7100.0 53.67494331715001 -2.101519060757938e6 31528.967510962328 31528.967510962328 402878.08632177854 190990.0 355.0
7200.0 54.4267651788 -2.1031322630743543e6 30802.91593123037 30802.91593123037 397728.67934799136 193680.0 360.0
7300.0 55.173816426150005 -2.1046843143965746e6 30112.326866837848 30112.326866837848 392710.3328193745 196370.0 365.0
7400.0 55.91992305790001 -2.106178441914409e6 29453.938398305454 29453.938398305454 387818.21241506125 199060.0 370.0
7500.0 56.6695746324 -2.1076265317952717e6 28819.827928431412 28819.827928431412 383047.64520680706 201750.0 375.0
7600.0 57.42307228425 -2.109018898803774e6 28218.130052676792 28218.130052676792 378394.21849972004 204440.0 380.0
7700.0 58.19285975655 -2.1103656359337373e6 27641.759388069553 27641.759388069553 373853.7524016408 207130.0 385.0
7800.0 58.94256816289999 -2.1116719961216534e6 27087.817686874827 27087.817686874827 369422.218475116 209820.0 390.0
7900.0 59.71623211835 -2.1129368111685747e6 26556.645068452017 26556.645068452017 365095.7645812549 212510.0 395.0
8000.0 60.481643745199996 -2.1141620614235336e6 26048.478891129016 26048.478891129016 360870.7505894154 215200.0 400.0
8100.0 61.22998507924999 -2.115342562359671e6 25567.014124170903 25567.014124170903 356743.7391844138 217890.0 405.0
8200.0 61.98735725085 -2.116482602263724e6 25108.870325578588 25108.870325578588 352711.4608043211 220580.0 410.0
8300.0 62.78499148165 -2.1175900024804114e6 24667.705830185285 24667.705830185285 348770.7359914401 223270.0 415.0
8400.0 63.53344682310001 -2.1186638688385156e6 24244.257897089676 24244.257897089676 344918.4926829167 225960.0 420.0
8500.0 64.28334057949999 -2.119708172170937e6 23836.979798389468 23836.979798389468 341151.82968762703 228650.0 425.0
8600.0 65.0339049909 -2.1207282998581813e6 23442.80040615561 23442.80040615561 337467.9249914058 231340.0 430.0
8700.0 65.7814719131 -2.121721084730584e6 23063.525495065278 23063.525495065278 333864.0942904258 234030.0 435.0
8800.0 66.53361945074998 -2.12268908342212e6 22697.579752389378 22697.579752389378 330337.781011662 236720.0 440.0
8900.0 67.29620244089999 -2.1236370198572003e6 22341.85045097692 22341.85045097692 326886.491984134 239410.0 445.0
9000.0 68.05092310660001 -2.1245596071908018e6 21999.679024994806 21999.679024994806 323507.8781497858 242100.0 450.0
9100.0 68.81729634910002 -2.1254610693632187e6 21669.48392179153 21669.48392179153 320199.68957245076 244790.0 455.0
9200.0 69.5737379206 -2.1263446635166043e6 21347.77191835526 21347.77191835526 316959.7360092886 247480.0 460.0
9300.0 70.34059197209999 -2.127204185846028e6 21039.317733015265 21039.317733015265 313785.93642708124 250170.0 465.0
9400.0 71.08840546024999 -2.1280430627894616e6 20741.1245365546 20741.1245365546 310676.3175620148 252860.0 470.0
9500.0 71.84074616640001 -2.1288634926763223e6 20452.546784545433 20452.546784545433 307628.9507661942 255550.0 475.0
9600.0 72.60392882895 -2.129668571454216e6 20171.45120073651 20171.45120073651 304641.98777120345 258240.0 480.0
9700.0 73.35831866884999 -2.130453905965987e6 19898.81190836098 19898.81190836098 301713.6444902548 260930.0 485.0
9800.0 74.1235030528 -2.131218171601668e6 19637.757716211425 19637.757716211425 298842.23569828976 263620.0 490.0
9900.0 74.8756698383 -2.1319683044643453e6 19384.04183588204 19384.04183588204 296026.13075294276 266310.0 495.0
10000.0 75.62997603600002 -2.1327039822613657e6 19137.699841411006 19137.699841411006 293263.75166243163 269000.0 500.0
