iter time primal d dmin davg lmo1 lmo2
0.0 0.0 -31.078745261782053 45884.821719151376 45884.821719151376 45884.821719151376 0.0 0.0
100.0 0.0777421953 -11458.648818697699 17928.07084747876 17928.07084747876 28674.40417051539 1900.0 10.0
200.0 0.15517850345 -18872.438329008295 11282.659952486943 11282.659952486943 21536.95661736684 3800.0 20.0
300.0 0.22574431420000002 -26756.937187997624 7042.284319443434 7042.284319443434 17484.420900044275 5700.0 30.0
400.0 0.29694901630000003 -32152.866183428192 3572.622846257259 3572.622846257259 14434.994179426798 7600.0 40.0
500.0 0.3762101967 -34626.654111710086 1871.6831334252013 1871.6831334252013 12099.85564956374 9500.0 50.0
600.0 0.44269170100000005 -35690.45707872148 1159.276979033453 1159.276979033453 10351.351981089208 11400.0 60.0
700.0 0.5202601245500001 -36247.22654828894 815.0181423420776 815.0181423420776 9027.483016005326 13300.0 70.0
800.0 0.5917721164499998 -36572.31717189595 634.5743769062954 634.5743769062954 8000.279789031813 15200.0 80.0
900.0 0.66295136435 -36795.85980327155 528.6242174801826 528.6242174801826 7184.016016117948 17100.0 90.0
1000.0 0.7366610752999999 -36967.67102999429 454.48170901460617 454.48170901460617 6520.867464966469 19000.0 100.0
1100.0 0.8197438062 -37108.346095540044 396.6115781917639 396.6115781917639 5971.377447172842 20900.0 110.0
1200.0 0.88518259945 -37223.61628668204 351.74594466051 351.74594466051 5508.533695906031 22800.0 120.0
1300.0 0.9532027944499999 -37321.950998831795 314.07776801969004 314.07776801969004 5113.265115407257 24700.0 130.0
1400.0 1.0355048517 -37406.79528546546 283.33766296130955 283.33766296130955 4771.6711494260635 26600.0 140.0
1500.0 1.12087702865 -37481.724342537396 256.72782537795433 256.72782537795433 4473.40773016038 28500.0 150.0
1600.0 1.1910195238 -37545.14391050175 238.0524161908018 238.0524161908018 4210.8443052884995 30400.0 160.0
1700.0 1.2613459810500003 -37602.4978557937 221.3793285688634 221.3793285688634 3977.982414533817 32300.0 170.0
1800.0 1.36356456135 -37653.105706277405 206.0561807458202 206.0561807458202 3769.9495116238777 34200.0 180.0
1900.0 1.4498671841499997 -37698.56769867822 193.14982038934176 193.14982038934176 3582.9850020308086 36100.0 190.0
2000.0 1.53333035615 -37740.03965289846 182.0250213621542 182.0250213621542 3414.0246579598956 38000.0 200.0
2100.0 1.6268173869999998 -37780.30160458862 171.05352935994188 171.05352935994188 3260.563911254494 39900.0 210.0
2200.0 1.6944343225 -37817.69919607743 161.0697470324546 161.0697470324546 3120.520274023674 41800.0 220.0
2300.0 1.77400856025 -37852.6994252336 151.19824570914565 151.19824570914565 2992.170053889012 43700.0 230.0
2400.0 1.84965497115 -37884.03067239669 141.84426575361542 141.84426575361542 2874.0702515712214 45600.0 240.0
2500.0 1.94011137585 -37912.31343101408 133.96835006584197 133.96835006584197 2765.038857650704 47500.0 250.0
2600.0 2.0067426562999997 -37938.05067890979 127.75399689539422 127.75399689539422 2664.0975319592103 49400.0 260.0
2700.0 2.07846267045 -37962.09229468969 122.61903002149657 122.61903002149657 2570.401471588609 51300.0 270.0
2800.0 2.15630582555 -37984.78754798542 117.07777955858614 117.07777955858614 2483.18440468151 53200.0 280.0
2900.0 2.2202602350000005 -38006.562219368905 112.26981737709352 112.26981737709352 2401.785862767054 55100.0 290.0
3000.0 2.3007579427 -38028.42896618502 106.29429385164467 106.29429385164467 2325.6146478833243 57000.0 300.0
3100.0 2.3723770221 -38048.99911943729 100.08644407735619 100.08644407735619 2254.1409261756407 58900.0 310.0
3200.0 2.4397934917 -38067.45621575379 94.63864662929197 94.63864662929197 2186.9409959573013 60800.0 320.0
3300.0 2.51194915825 -38084.69258319023 90.19998183467631 90.19998183467631 2123.653971116726 62700.0 330.0
3400.0 2.5826961216499997 -38101.048609955025 85.83843338488941 85.83843338488941 2063.9520640349983 64600.0 340.0
3500.0 2.6548294099500005 -38116.23894713607 81.64178771277113 81.64178771277113 2007.5294604029343 66500.0 350.0
3600.0 2.7293978225500006 -38129.6559536611 77.9934456607455 77.9934456607455 1954.1212722508046 68400.0 360.0
3700.0 2.8006517450000006 -38142.09592447118 75.29466324367864 75.29466324367864 1903.5092917019767 70300.0 370.0
3800.0 2.8760545909500004 -38154.30002984439 72.82029569470775 72.82029569470775 1855.4901354821122 72200.0 380.0
3900.0 2.9400455052 -38166.309266939534 70.01127934466027 70.01127934466027 1809.858307564533 74100.0 390.0
4000.0 3.01814794445 -38177.205585237585 67.48752143070517 67.48752143070517 1766.4334534742788 76000.0 400.0
4100.0 3.1070215564500003 -38187.162204388194 65.17579312084226 65.17579312084226 1725.065886336358 77900.0 410.0
4200.0 3.17505692445 -38196.84230683427 62.87219464018663 62.87219464018663 1685.6082917338338 79800.0 420.0
4300.0 3.24685517315 -38206.182245515374 60.66958910111297 60.66958910111297 1647.930249546231 81700.0 430.0
4400.0 3.316854568 -38215.18370207033 58.04122856147402 58.04122856147402 1611.905412943761 83600.0 440.0
4500.0 3.39566926845 -38223.5160753716 55.827673553169845 55.827673553169845 1577.4235249304738 85500.0 450.0
4600.0 3.4631412766500005 -38231.21144418269 54.05428483761691 54.05428483761691 1544.3954595485905 87400.0 460.0
4700.0 3.5350148272999995 -38238.7478963154 51.97617022089586 51.97617022089586 1512.7290226476337 89300.0 470.0
4800.0 3.6117546334500004 -38245.264876776826 50.7547412270481 50.7547412270481 1482.344310792575 91200.0 480.0
4900.0 3.6772653843 -38251.825666925375 49.45956099331539 49.45956099331539 1453.1731518037911 93100.0 490.0
5000.0 3.7464639362999996 -38258.526337060786 48.10166881202881 48.10166881202881 1425.139931839253 95000.0 500.0
5100.0 3.822298694750001 -38264.98694033031 46.627004547688585 46.627004547688585 1398.1763032723695 96900.0 510.0
5200.0 3.89254998785 -38271.15330829883 45.14037371679923 45.14037371679923 1372.2189764434452 98800.0 520.0
5300.0 3.96489228685 -38277.26481368947 43.711700525435006 43.711700525435006 1347.2120060779605 100700.0 530.0
5400.0 4.0378534641 -38283.110758329494 42.444463237370286 42.444463237370286 1323.1050764231072 102600.0 540.0
5500.0 4.10842871795 -38288.83935531585 40.99646476817418 40.99646476817418 1299.8481827437931 104500.0 550.0
5600.0 4.1834247089500005 -38293.91904172519 39.650663788231086 39.650663788231086 1277.3950382284424 106400.0 560.0
5700.0 4.24931920945 -38298.785011126485 38.49569315515545 38.49569315515545 1255.7066688075404 108300.0 570.0
5800.0 4.3238308871 -38303.409802661285 37.57131669235999 37.57131669235999 1234.747949943568 110200.0 580.0
5900.0 4.400522494700001 -38308.049017453784 36.80695804777237 36.80695804777237 1214.4833006949923 112100.0 590.0
6000.0 4.46509488425 -38312.38816291243 36.52103622784055 36.52103622784055 1194.8849956834345 114000.0 600.0
6100.0 4.544141259200001 -38316.917867394215 35.878231349390965 35.878231349390965 1175.9215240859148 115900.0 610.0
6200.0 4.618326562849999 -38321.71464782692 35.02615168825715 35.02615168825715 1157.555698318494 117800.0 620.0
6300.0 4.687254041299999 -38326.21272405128 33.979827805479715 33.979827805479715 1139.7566725252286 119700.0 630.0
6400.0 4.7606971946500005 -38330.33968806229 33.10065180706234 33.10065180706234 1122.4984295036982 121600.0 640.0
6500.0 4.834479883399999 -38334.316387337305 32.044889795482824 32.044889795482824 1105.755905147453 123500.0 650.0
6600.0 4.9087318502000015 -38338.1686828634 30.86602613465697 30.86602613465697 1089.501874688836 125400.0 660.0
6700.0 4.98115374935 -38341.574872876976 30.122685856831282 30.122685856831282 1073.7183065540594 127300.0 670.0
6800.0 5.048245507149999 -38344.7803844215 29.273560361625243 29.273560361625243 1058.3867169836242 129200.0 680.0
6900.0 5.123787961850001 -38347.95021928237 28.616938884188016 28.616938884188016 1043.4880453310784 131100.0 690.0
7000.0 5.201884176249999 -38350.85113552133 28.22208488032374 28.22208488032374 1029.0073517433464 133000.0 700.0
7100.0 5.26745357405 -38353.713347859164 27.892807233679537 27.892807233679537 1014.9291633536455 134900.0 710.0
7200.0 5.343089011049999 -38356.86106776826 27.503298646555947 27.503298646555947 1001.2364873711781 136800.0 720.0
7300.0 5.4229533905 -38360.136560196 27.10146536201117 27.10146536201117 987.9127093627333 138700.0 730.0
7400.0 5.4947781740499995 -38363.10530652115 26.593658487324905 26.593658487324905 974.9425964815911 140600.0 740.0
7500.0 5.57092541495 -38366.01371431436 26.152458521343725 26.152458521343725 962.3118664527768 142500.0 750.0
7600.0 5.6501612782 -38369.024182518406 25.64029574188917 25.64029574188917 950.0062428252814 144400.0 760.0
7700.0 5.7380749258999995 -38371.7383871493 25.123319964216247 25.123319964216247 938.0131774644515 146300.0 770.0
7800.0 5.8143106621000005 -38374.303526718984 24.592671616746255 24.592671616746255 926.3208852001973 148200.0 780.0
7900.0 5.8972284693 -38376.8725895228 24.239761118433865 24.239761118433865 914.9185053116145 150100.0 790.0
8000.0 5.9727049578 -38379.59047578973 23.672581924832002 23.672581924832002 903.7956324854596 152000.0 800.0
8100.0 6.054483564249999 -38382.466841274654 22.64768460822023 22.64768460822023 892.936707989621 153900.0 810.0
8200.0 6.1204584543 -38384.845335280705 21.719983951499778 21.719983951499778 882.3297121075373 155800.0 820.0
8300.0 6.190363712200001 -38386.708658070784 21.108850996206563 21.108850996206563 871.9691620748857 157700.0 830.0
8400.0 6.28196234 -38388.587466118806 20.486762677261897 20.486762677261897 861.8479470830541 159600.0 840.0
8500.0 6.352204943150001 -38390.40880923214 19.8303071927759 19.8303071927759 851.9568457926717 161500.0 850.0
8600.0 6.42382335935 -38392.314434665845 19.25751670006202 19.25751670006202 842.2883288896825 163400.0 860.0
8700.0 6.531549222149998 -38393.94430683075 18.881646545044504 18.881646545044504 832.8365522245274 165300.0 870.0
8800.0 6.605216698049999 -38395.6312337682 18.60760175900936 18.60760175900936 823.5958824602516 167200.0 880.0
8900.0 6.675764806100001 -38397.08141062598 18.446208466584686 18.446208466584686 814.560220489805 169100.0 890.0
9000.0 6.7524927467 -38398.54508841568 18.38613477505765 18.38613477505765 805.7239113853731 171000.0 900.0
9100.0 6.818984713799999 -38399.98607042578 18.269003633108795 18.269003633108795 797.0804986507222 172900.0 910.0
9200.0 6.900502223750001 -38401.54573996247 18.09193280557547 18.09193280557547 788.6232654865574 174800.0 920.0
9300.0 6.971752454350001 -38403.03265618926 17.907778331869157 17.907778331869157 780.3457091960879 176700.0 930.0
9400.0 7.0383268734 -38404.61957493796 17.820311962840684 17.820311962840684 772.2428521484834 178600.0 940.0
9500.0 7.11942505255 -38406.52313089866 17.642421785713168 17.642421785713168 764.3091516819537 180500.0 950.0
9600.0 7.1979730731 -38408.18512049821 17.616257626907775 17.616257626907775 756.539321380745 182400.0 960.0
9700.0 7.2656922995 -38409.92870226255 17.492133477244124 17.492133477244124 748.9285378901357 184300.0 970.0
9800.0 7.336281670850001 -38411.52599693147 17.279220595266718 17.279220595266718 741.4715363629272 186200.0 980.0
9900.0 7.43255433755 -38413.20848872648 16.924809075054178 16.924809075054178 734.1618643118223 188100.0 990.0
10000.0 7.50604332045 -38415.002930721756 16.470890970115754 16.470890970115754 726.9941481592078 190000.0 1000.0
