iter time primal d dmin davg lmo1 lmo2
0.0 0.0 -2672.96164659105 2.5200547219434115e6 2.5200547219434115e6 2.5200547219434115e6 0.0 0.0
100.0 1.2544036246000003 -778135.0073537477 811101.2334563422 811101.2334563422 1.3988067194680253e6 30000.0 20.0
200.0 2.42135188635 -1.384910411169897e6 464979.7999877316 464979.7999877316 1.0181211931349484e6 60000.0 40.0
300.0 3.5851718203000003 -1.85323093576359e6 183340.3301277865 183340.3301277865 783388.0127284189 90000.0 60.0
400.0 4.7713729675500005 -2.0081606352842338e6 82750.99117854238 82750.99117854238 619680.1672554945 120000.0 80.0
500.0 6.0290621049999995 -2.0642934454400043e6 49973.23215043774 49973.23215043774 509448.8542321635 150000.0 100.0
600.0 7.2258614092 -2.0927113595900785e6 35551.24629541528 35551.24629541528 432112.96784612833 180000.0 120.0
700.0 8.39628385205 -2.1104425593365263e6 27631.00686797192 27631.00686797192 375226.47734730603 210000.0 140.0
800.0 9.6715544219 -2.12289728344131e6 22658.192441770167 22658.192441770167 331701.13552152883 240000.0 160.0
900.0 10.885739271949998 -2.1322239212122457e6 19347.096842252442 19347.096842252442 297349.65878787416 270000.0 180.0
1000.0 12.118908934299997 -2.1396339714792804e6 17005.649771210945 17005.649771210945 269559.21180986107 300000.0 200.0
1100.0 13.272387444249997 -2.145824995208475e6 15211.318531002931 15211.318531002931 246614.90150832702 330000.0 220.0
1200.0 14.549519044300002 -2.1511107839195956e6 13790.867466490698 13790.867466490698 227347.31473341133 360000.0 240.0
1300.0 15.7344937774 -2.1557171516419384e6 12647.701735215533 12647.701735215533 210935.40713323088 390000.0 260.0
1400.0 16.92358595235 -2.159781657937071e6 11697.999149661093 11697.999149661093 196786.0505291208 420000.0 280.0
1500.0 18.2069612867 -2.163417997631441e6 10882.032880116763 10882.032880116763 184458.5118363745 450000.0 300.0
1600.0 19.41659036635 -2.166690029286607e6 10192.696012558265 10192.696012558265 173620.6549424665 480000.0 320.0
1700.0 20.5794205118 -2.1696720692957602e6 9605.69194779633 9605.69194779633 164016.92338027494 510000.0 340.0
1800.0 21.7533789537 -2.1724403777238457e6 9085.995392394416 9085.995392394416 155447.0015881918 540000.0 360.0
1900.0 22.929896388150002 -2.1750010960296793e6 8610.960028520745 8610.960028520745 147750.68958395446 570000.0 380.0
2000.0 24.1484622484 -2.177375591508765e6 8186.461307558168 8186.461307558168 140799.75619591412 600000.0 400.0
2100.0 25.37606272595 -2.1795837762221834e6 7811.287164638056 7811.287164638056 134490.32192841274 630000.0 420.0
2200.0 26.5675586801 -2.1816490218077726e6 7479.236724693663 7479.236724693663 128737.18544276658 660000.0 440.0
2300.0 27.785060358800003 -2.1835904594288683e6 7172.86378438392 7172.86378438392 123469.5252262209 690000.0 460.0
2400.0 28.994702760699994 -2.1854323531990615e6 6893.74870661739 6893.74870661739 118627.68963588709 720000.0 480.0
2500.0 30.164894773550003 -2.1871928676349823e6 6635.34923982937 6635.34923982937 114161.78767830406 750000.0 500.0
2600.0 31.360489636549993 -2.1888601333780037e6 6394.718909090222 6394.718909090222 110029.14216448531 780000.0 520.0
2700.0 32.5181397934 -2.190425580747351e6 6179.270076619212 6179.270076619212 106193.69055089088 810000.0 540.0
2800.0 33.78776594595 -2.1919357916242974e6 5973.835068134559 5973.835068134559 102624.29338358535 840000.0 560.0
2900.0 34.93727809210001 -2.1933882292059544e6 5778.981494021561 5778.981494021561 99293.72555863712 870000.0 580.0
3000.0 36.12191736015 -2.194787100466429e6 5589.0510430244485 5589.0510430244485 96178.39043069475 900000.0 600.0
3100.0 37.29966341749999 -2.1961189968233127e6 5410.577720824484 5410.577720824484 93257.79810488057 930000.0 620.0
3200.0 38.54106191884999 -2.1973979360712613e6 5243.105554688545 5243.105554688545 90514.09480389867 960000.0 640.0
3300.0 39.6937560215 -2.198642999526938e6 5074.506906794233 5074.506906794233 87931.36735512104 990000.0 660.0
3400.0 40.869813191400006 -2.1998453053129166e6 4905.320559695485 4905.320559695485 85495.37042232117 1.02e6 680.0
3500.0 42.05513058059999 -2.2009872846934167e6 4746.894102086946 4746.894102086946 83193.67779470592 1.05e6 700.0
3600.0 43.273171245200004 -2.202069710920697e6 4610.643501436105 4610.643501436105 81015.58539829179 1.08e6 720.0
3700.0 44.459823046649994 -2.20312382781238e6 4475.358332429794 4475.358332429794 78951.47514326528 1.11e6 740.0
3800.0 45.656910813050004 -2.2041288523014053e6 4349.140893492309 4349.140893492309 76992.38930726089 1.14e6 760.0
3900.0 46.80357495825 -2.2050977887669704e6 4228.759125357362 4228.759125357362 75130.50049942012 1.17e6 780.0
4000.0 48.019896107 -2.206037194563425e6 4105.809097787735 4105.809097787735 73358.56759362179 1.2e6 800.0
4100.0 49.17050614755 -2.206945003288494e6 3989.288669372364 3989.288669372364 71670.02897169876 1.23e6 820.0
4200.0 50.3622587702 -2.207809515379831e6 3886.251928703469 3886.251928703469 70059.21419913454 1.26e6 840.0
4300.0 51.53389699265 -2.208640234830735e6 3792.582349634004 3792.582349634004 68520.93493932954 1.29e6 860.0
4400.0 52.757724479349996 -2.2094464349819156e6 3704.282622830925 3704.282622830925 67050.44874187223 1.32e6 880.0
4500.0 53.917584819549994 -2.210235923816873e6 3613.9800976928323 3613.9800976928323 65643.27491031434 1.35e6 900.0
4600.0 55.098535610499994 -2.210997662555255e6 3521.363472704465 3521.363472704465 64295.208392617744 1.38e6 920.0
4700.0 56.24817659405001 -2.2117282406200645e6 3439.237030364021 3439.237030364021 63002.60206067381 1.41e6 940.0
4800.0 57.49376438185 -2.2124419164739456e6 3354.433656084828 3354.433656084828 61762.06789556292 1.44e6 960.0
4900.0 58.68656452004999 -2.2131412400601096e6 3265.1813989363727 3265.1813989363727 60570.328734099385 1.47e6 980.0
5000.0 59.88910772749999 -2.213816053583921e6 3181.852326008358 3181.852326008358 59424.48035859797 1.5e6 1000.0
5100.0 61.1066417473 -2.2144624101072876e6 3104.8635728525737 3104.8635728525737 58321.96283552347 1.53e6 1020.0
5200.0 62.2866157405 -2.2150922743268046e6 3031.346512106177 3031.346512106177 57260.36425239692 1.56e6 1040.0
5300.0 63.51583135874999 -2.215696364163087e6 2967.682065004038 2967.682065004038 56237.50453815511 1.59e6 1060.0
5400.0 64.72161241939999 -2.2162920101496065e6 2901.020505643075 2901.020505643075 55251.29977402555 1.62e6 1080.0
5500.0 65.89487739 -2.216872578273306e6 2834.4348390579025 2834.4348390579025 54299.714365143016 1.65e6 1100.0
5600.0 67.03257894610002 -2.2174356170186372e6 2768.146103990409 2768.146103990409 53380.87472100097 1.68e6 1120.0
5700.0 68.28148930800002 -2.217981764019725e6 2707.2203421648337 2707.2203421648337 52493.15355140581 1.71e6 1140.0
5800.0 69.43971619845 -2.21851370079659e6 2647.375733359465 2647.375733359465 51634.967486045214 1.74e6 1160.0
5900.0 70.5976315657 -2.219027303303892e6 2591.0934825460217 2591.0934825460217 50804.872353488725 1.77e6 1180.0
6000.0 71.8030944802 -2.219529640656959e6 2539.43859926481 2539.43859926481 50001.520089522564 1.8e6 1200.0
6100.0 73.00330881785001 -2.2200185236670896e6 2489.7109927177635 2489.7109927177635 49223.66444564258 1.83e6 1220.0
6200.0 74.16934076595001 -2.2204945685967067e6 2441.099367327598 2441.099367327598 48470.08642956823 1.86e6 1240.0
6300.0 75.34240988719998 -2.220963469897257e6 2390.228093297049 2390.228093297049 47739.6204341158 1.89e6 1260.0
6400.0 76.52422339134998 -2.2214189273000523e6 2342.6976877245975 2342.6976877245975 47031.2002810394 1.92e6 1280.0
6500.0 77.67436700675 -2.2218687238010205e6 2292.866647798552 2292.866647798552 46343.80674115318 1.95e6 1300.0
6600.0 78.90440603320002 -2.222310112992966e6 2242.6784575615043 2242.6784575615043 45676.48077584189 1.98e6 1320.0
6700.0 80.0613233105 -2.222736069729741e6 2192.7703484707135 2192.7703484707135 45028.309643178785 2.01e6 1340.0
6800.0 81.21624041235 -2.223147857948785e6 2143.5416222890426 2143.5416222890426 44398.45611465184 2.04e6 1360.0
6900.0 82.39101367235 -2.22354788089801e6 2096.5963815121795 2096.5963815121795 43786.15167266176 2.07e6 1380.0
7000.0 83.56857890115 -2.2239360530576697e6 2051.640621093124 2051.640621093124 43190.66787133145 2.1e6 1400.0
7100.0 84.7910701493 -2.224312696004184e6 2010.549432546833 2010.549432546833 42611.34363398164 2.13e6 1420.0
7200.0 85.96985535280002 -2.2246731406422444e6 1972.0914723634814 1972.0914723634814 42047.55545616273 2.16e6 1440.0
7300.0 87.12123994955 -2.2250331145096016e6 1932.9739894568133 1932.9739894568133 41498.67266687026 2.19e6 1460.0
7400.0 88.32216642039998 -2.2253860151888058e6 1896.3598784476442 1896.3598784476442 40964.09823235037 2.22e6 1480.0
7500.0 89.52218414685001 -2.2257297486901665e6 1860.9826574336898 1860.9826574336898 40443.294448812165 2.25e6 1500.0
7600.0 90.70127065214999 -2.2260664306873144e6 1826.1804041479268 1826.1804041479268 39935.72738506804 2.28e6 1520.0
7700.0 91.8717559025 -2.2263909901936366e6 1793.5644336177313 1793.5644336177313 39440.89356330671 2.31e6 1540.0
7800.0 93.05443484660002 -2.2267058723702556e6 1762.229305346315 1762.229305346315 38958.324802515264 2.34e6 1560.0
7900.0 94.30549072119999 -2.227014160805463e6 1735.6867023285854 1735.6867023285854 38487.61092475493 2.37e6 1580.0
8000.0 95.51719097240002 -2.2273152074968303e6 1710.7776228566206 1710.7776228566206 38028.332933747784 2.4e6 1600.0
8100.0 96.6767867693 -2.227614132448e6 1685.1015368568114 1685.1015368568114 37580.082537674054 2.43e6 1620.0
8200.0 97.85591442314998 -2.227906150909602e6 1659.0117259107215 1659.0117259107215 37142.435403670104 2.46e6 1640.0
8300.0 99.02946268695001 -2.2281941705246787e6 1634.5290066814314 1634.5290066814314 36715.030908243345 2.49e6 1660.0
8400.0 100.22386819015 -2.228480498828242e6 1605.3617360280778 1605.3617360280778 36297.47823867744 2.52e6 1680.0
8500.0 101.42013137825 -2.2287656434482834e6 1573.369233574307 1573.369233574307 35889.37509479435 2.55e6 1700.0
8600.0 102.63295519560002 -2.229037864411576e6 1543.3555354310447 1543.3555354310447 35490.400164621075 2.58e6 1720.0
8700.0 103.82386470149997 -2.2293069667550167e6 1512.780865120843 1512.780865120843 35100.244504103764 2.61e6 1740.0
8800.0 104.97979134674999 -2.22956660863337e6 1482.9848342687928 1482.9848342687928 34718.60640433116 2.64e6 1760.0
8900.0 106.19460695494999 -2.2298217240044624e6 1450.5409589093017 1450.5409589093017 34345.192916523454 2.67e6 1780.0
9000.0 107.40811013525001 -2.2300656104889056e6 1417.556949832367 1417.556949832367 33979.70187037335 2.7e6 1800.0
9100.0 108.59713401280001 -2.230302074641439e6 1388.091055476404 1388.091055476404 33621.902572084975 2.73e6 1820.0
9200.0 109.76470919965 -2.2305354974611867e6 1358.4376562325276 1358.4376562325276 33271.55754683702 2.76e6 1840.0
9300.0 110.93953060045001 -2.230760483330473e6 1330.7444534963165 1330.7444534963165 32928.43229898482 2.79e6 1860.0
9400.0 112.130040089 -2.2309793968410958e6 1303.9413439369544 1303.9413439369544 32592.31425694614 2.82e6 1880.0
9500.0 113.3027624085 -2.2311953187250895e6 1278.0803338038108 1278.0803338038108 32262.993182409664 2.85e6 1900.0
9600.0 114.46326150864999 -2.231404192244034e6 1254.01129974596 1254.01129974596 31940.265767909437 2.88e6 1920.0
9700.0 115.64868684385002 -2.231603669060757e6 1232.7458277582882 1232.7458277582882 31623.958705689067 2.91e6 1940.0
9800.0 116.81807104570002 -2.231797969389989e6 1213.7516150432002 1213.7516150432002 31313.89821275751 2.94e6 1960.0
9900.0 118.01242055275 -2.231989494641437e6 1194.9380041298057 1194.9380041298057 31009.912682024267 2.97e6 1980.0
10000.0 119.1873326448 -2.2321762494724104e6 1176.228405777344 1176.228405777344 30711.815090068598 3.0e6 2000.0
