iter time primal d dmin davg lmo1 lmo2
0.0 0.0 -31.07874525095902 45884.82171917865 45884.82171917865 45884.82171917865 0.0 0.0
100.0 0.5016331350000001 -35079.039903937126 1582.8121141369322 1582.8121141369322 11412.077998864845 10000.0 100.0
200.0 0.7574693554999998 -37108.10544083164 394.9315174012538 394.9315174012538 6093.874582517901 20000.0 200.0
300.0 0.97702823585 -37546.29506236961 234.25691617375287 234.25691617375287 4168.096096721641 30000.0 300.0
400.0 1.2094069414499997 -37792.733201064744 164.68527276772505 164.68527276772505 3177.8284589902573 40000.0 400.0
500.0 1.4472188010999998 -37947.59511266668 123.2428292079373 123.2428292079373 2571.9855815715787 50000.0 500.0
600.0 1.6682196872500001 -38057.429816391275 98.40972725944275 98.40972725944275 2162.282926260648 60000.0 600.0
700.0 1.9003942577000008 -38140.35854572105 78.43479850576334 78.43479850576334 1866.417862326728 70000.0 700.0
800.0 2.1266145674 -38199.91293296865 64.8660875510349 64.8660875510349 1642.3055136949617 80000.0 800.0
900.0 2.3714148170500002 -38246.123326874025 54.03774961108284 54.03774961108284 1466.5370686077813 90000.0 900.0
1000.0 2.60432498875 -38285.34140411587 48.66041523647127 48.66041523647127 1325.1801009687485 100000.0 1000.0
1100.0 2.83976895105 -38320.35597504957 42.40231540356943 42.40231540356943 1208.9523746595266 110000.0 1100.0
1200.0 3.09626448845 -38346.20964940835 35.12217020394993 35.12217020394993 1111.4977520869415 120000.0 1200.0
1300.0 3.3360093492500007 -38364.66972704594 30.50230551823459 30.50230551823459 1028.5721217597636 130000.0 1300.0
1400.0 3.59272891515 -38380.982737970204 27.97392227796424 27.97392227796424 957.2459799642301 140000.0 1400.0
1500.0 3.8222349186000004 -38396.36017864803 24.709132164124878 24.709132164124878 895.2146887511327 150000.0 1500.0
1600.0 4.048123980550001 -38408.62273120186 21.243961426039014 21.243961426039014 840.7362606309672 160000.0 1600.0
1700.0 4.2732254989500005 -38418.44491858683 17.969734934579197 17.969734934579197 792.4661864649051 170000.0 1700.0
1800.0 4.53451809755 -38425.02766401733 15.691776334678508 15.691776334678508 749.3933942444341 180000.0 1800.0
1900.0 4.7552505783 -38430.74492810773 13.753260503671925 13.753260503671925 710.7390173313456 190000.0 1900.0
2000.0 5.014964737200001 -38435.18818290091 12.249160042352324 12.249160042352324 675.8716220470882 200000.0 2000.0
2100.0 5.2244719506 -38438.54132915112 11.107976401503224 11.107976401503224 644.2567473145136 210000.0 2100.0
2200.0 5.474046795899999 -38441.360191288695 10.44740967020484 10.44740967020484 615.4680241200898 220000.0 2200.0
2300.0 5.689311961349999 -38444.44111372496 10.238367548888041 10.238367548888041 589.1700188464325 230000.0 2300.0
2400.0 5.96368366085 -38447.832571215135 9.57362557870898 9.57362557870898 565.048164253869 240000.0 2400.0
2500.0 6.198085284699999 -38450.51231456495 9.06308060581712 9.06308060581712 542.8249696979603 250000.0 2500.0
2600.0 6.4707325655000005 -38452.878766161775 8.58422636914048 8.582897221316786 522.2932203120076 260000.0 2600.0
2700.0 6.66931663305 -38455.271431229645 8.173994410259542 8.173994410259542 503.26886118025084 270000.0 2700.0
2800.0 6.9038100669 -38457.233790312355 7.542584667772618 7.542584667772618 485.58166315097645 280000.0 2800.0
2900.0 7.1285791956499995 -38458.94987016286 7.152820759441771 7.152820759441771 469.0949347657822 290000.0 2900.0
3000.0 7.369268097499999 -38460.50787668668 7.0293774944297756 7.0293774944297756 453.69880210183516 300000.0 3000.0
3100.0 7.608250506749999 -38462.79865104045 6.238380237152156 6.238380237152156 439.28167711070193 310000.0 3100.0
3200.0 7.834960389949998 -38464.024838662895 5.611038063698947 5.611038063698947 425.74199922954597 320000.0 3200.0
3300.0 8.076337162000002 -38464.93601255951 5.376812935727019 5.373714897043957 413.01073839399226 330000.0 3300.0
3400.0 8.310140296799998 -38466.014346933225 5.1864228263912935 5.1864228263912935 401.02481171567945 340000.0 3400.0
3500.0 8.565494334850001 -38466.77694019352 4.792340003712384 4.792340003712384 389.71141938804703 350000.0 3500.0
3600.0 8.79589635515 -38467.54486659475 4.463273908958024 4.463273908958024 379.0182401034244 360000.0 3600.0
3700.0 9.015505847250001 -38468.110179530566 4.156157787634279 4.156157787634279 368.8936884385982 370000.0 3700.0
3800.0 9.240563857099998 -38468.508252649204 3.9951342769456835 3.9951342769456835 359.29500505240594 380000.0 3800.0
3900.0 9.505448110900002 -38468.94496543155 4.10899975752023 3.9904874675267963 350.18795589700625 390000.0 3900.0
4000.0 9.71993320975 -38469.71552118617 4.346223430930849 3.9904874675267963 341.5419413649069 400000.0 4000.0
4100.0 10.023874008449997 -38470.79039546613 4.30911386578185 3.9904874675267963 333.31933229453546 410000.0 4100.0
4200.0 10.2462612779 -38472.130765393624 3.9679544862547376 3.9679544862547376 325.48481908844184 420000.0 4200.0
4300.0 10.46448168685 -38472.76540510418 3.6138177362653607 3.6138177362653607 318.0035714903351 430000.0 4300.0
4400.0 10.710888284350002 -38473.3395191913 3.6429305664089044 3.5938687140039796 310.8598446009073 440000.0 4400.0
4500.0 10.94768930205 -38474.12040302983 3.381276084603641 3.381276084603641 304.0324366567533 450000.0 4500.0
4600.0 11.280905583400003 -38474.61483121572 3.0598762212384196 3.059689267987899 297.49445094806487 460000.0 4600.0
4700.0 11.521144786299999 -38474.884454787854 3.0751031085144787 3.020400885585249 291.23073617649266 470000.0 4700.0
4800.0 11.77392805015 -38475.21955298044 2.994382626767008 2.994382626767008 285.22850460547 480000.0 4800.0
4900.0 12.0160569564 -38475.52301446138 2.8242556163626764 2.8242556163626764 279.467900178835 490000.0 4900.0
5000.0 12.242528794150001 -38475.76193764197 2.7542798387249006 2.7540239218390345 273.93533478754154 500000.0 5000.0
5100.0 12.509041174250005 -38476.13474792611 2.6353110947146305 2.63433310535252 268.61790625462345 510000.0 5100.0
5200.0 12.735409469599999 -38476.411716385664 2.6016175405120348 2.6016175405120348 263.50358952978837 520000.0 5200.0
5300.0 13.002323258499999 -38476.813788672735 2.530506526148269 2.530506526148269 258.5812317079711 530000.0 5300.0
5400.0 13.22612866805 -38477.260437164005 2.4233981162880545 2.398627774958924 253.83878778162725 540000.0 5400.0
5500.0 13.532181343099998 -38477.533093805876 2.431978264499231 2.398627774958924 249.26894941765497 550000.0 5500.0
5600.0 13.777219614000003 -38477.90980808313 2.2796821613809715 2.2796821613809715 244.8602366449021 560000.0 5600.0
5700.0 14.0718018691 -38478.29067043101 2.1942308145968 2.1942308145968 240.60494235567563 570000.0 5700.0
5800.0 14.351726866300003 -38478.53356288653 2.053400365742763 2.0452992649271504 236.4933988996765 580000.0 5800.0
5900.0 14.585156600349999 -38478.76542966179 2.206844803071225 2.0452992649271504 232.52169179299753 590000.0 5900.0
6000.0 14.821564288100003 -38479.12575573193 2.015829507725808 2.015829507725808 228.68221766828393 600000.0 6000.0
6100.0 15.062278804800002 -38479.250014664714 1.96755231968559 1.9645585080578445 224.96638776497852 610000.0 6100.0
6200.0 15.299733560249999 -38479.46642276115 2.084286240432376 1.9645585080578445 221.37114785646585 620000.0 6200.0
6300.0 15.54433596495 -38479.81070678157 1.9474198812532717 1.947043110496941 217.88942982651636 630000.0 6300.0
6400.0 15.77512057635 -38480.00436755161 1.9349237332445894 1.9162587515890515 214.51561497856852 640000.0 6400.0
6500.0 16.001648296749995 -38480.20106171324 1.8322598954524163 1.8322598954524163 211.24490246794642 650000.0 6500.0
6600.0 16.254430639699997 -38480.36480491843 1.7428260124913593 1.7428260124913593 208.0718344231826 660000.0 6600.0
6700.0 16.49110336895 -38480.440947859 1.6964451804854108 1.6964451804854108 204.99231231476165 670000.0 6700.0
6800.0 16.7575493803 -38480.50101793422 1.6180011548612907 1.6180011548612907 202.00251722281672 680000.0 6800.0
6900.0 16.991052173199996 -38480.55062452621 1.584974821571119 1.574739705222061 199.09841115298363 690000.0 6900.0
7000.0 17.2331816079 -38480.71087207827 1.7133028667371977 1.574739705222061 196.2780403015787 700000.0 7000.0
7100.0 17.484508502300002 -38480.9493068982 1.623392873971902 1.574739705222061 193.5375023995577 710000.0 7100.0
7200.0 17.701862742650004 -38481.14118584282 1.4879241027537424 1.4879241027537424 190.87132337692657 720000.0 7200.0
7300.0 17.937306018050002 -38481.19937060865 1.4689637339142996 1.4651470574403318 188.27717497256643 730000.0 7300.0
7400.0 18.1591875789 -38481.29120476292 1.5056890807971202 1.4651470574403318 185.75334367266527 740000.0 7400.0
7500.0 18.394429869049997 -38481.446411711135 1.4378617804244682 1.4378477106706478 183.29647030110547 750000.0 7500.0
7600.0 18.619514409599994 -38481.5157344291 1.484776214183022 1.4278381286543358 180.90393863600875 760000.0 7600.0
7700.0 18.876339026449998 -38481.781072872014 1.7582319242682165 1.4278381286543358 178.57568531048256 770000.0 7700.0
7800.0 19.089520874549997 -38482.376495716904 1.5719334778322926 1.4278381286543358 176.30818276188958 780000.0 7800.0
7900.0 19.3374136748 -38482.49883656852 1.3528480116397117 1.3528480116397117 174.09503474921178 790000.0 7900.0
8000.0 19.5666890329 -38482.54141578463 1.2972690162424612 1.2972690162424612 171.9356050367138 800000.0 8000.0
8100.0 19.806072325400002 -38482.57389478442 1.2642987671702162 1.2642330246050473 169.82900564357698 810000.0 8100.0
8200.0 20.0283516571 -38482.60353323507 1.2377524746024597 1.2374712921538022 167.77342133091062 820000.0 8200.0
8300.0 20.263997856349995 -38482.63209324967 1.2143010477339211 1.2143010477339211 165.76706213480762 830000.0 8300.0
8400.0 20.483584708400006 -38482.660897988506 1.192498080916206 1.1924385528067591 163.8081990016625 840000.0 8400.0
8500.0 20.74984323015 -38482.69253389404 1.1973893082182296 1.1893003351613376 161.89530249903413 850000.0 8500.0
8600.0 20.963323614700002 -38482.723815941965 1.1902165942449385 1.1893003351613376 160.02693998403421 860000.0 8600.0
8700.0 21.205662231400005 -38482.75236249782 1.172176750493333 1.1716536734543992 158.2013300662324 870000.0 8700.0
8800.0 21.4624079791 -38482.79429469698 1.1683815877241595 1.156134306007716 156.4170160725415 880000.0 8800.0
8900.0 21.67971192045 -38482.89562501383 1.1824738018113494 1.156134306007716 154.67321679209152 890000.0 8900.0
9000.0 21.932987234400002 -38483.03659819838 1.0765206650012085 1.0765206650012085 152.96737181190574 900000.0 9000.0
9100.0 22.1765247738 -38483.05448800239 1.056613493383437 1.0564656336069227 151.29831232628217 910000.0 9100.0
9200.0 22.409367382799996 -38483.07143711065 1.0375091632004276 1.0375091632004276 149.66532042494646 920000.0 9200.0
9300.0 22.630964554549998 -38483.08758152648 1.0198455485232998 1.0198455485232998 148.06724731518506 930000.0 9300.0
9400.0 22.9215550072 -38483.10304021849 1.0030751399718214 1.0030751399718214 146.50299039599997 940000.0 9400.0
9500.0 23.125324164650003 -38483.117858708705 0.9871740275424965 0.9871740275424965 144.971491042264 950000.0 9500.0
9600.0 23.354137021549995 -38483.132149192665 0.9753766240885385 0.9753209567709293 143.4717421425607 960000.0 9600.0
9700.0 23.63548623445 -38483.14603331979 0.9686597321082024 0.9685216710769206 142.00282158076314 970000.0 9700.0
9800.0 23.866173242799995 -38483.15980835161 0.9659899810903584 0.9655887411116432 140.56382740159077 980000.0 9800.0
9900.0 24.118456215900004 -38483.17386447961 0.9668443550672187 0.9654433607355577 139.15389201717377 990000.0 9900.0
10000.0 24.35200639075 -38483.18894051615 0.9752818877665007 0.9654433607355577 137.7721911822424 1.0e6 10000.0
